0 FILE Model #1
1 7 99.999199 -2.000793 10.000795 0.000026 -1 0 0.000026 0 1 -1 -0.000026 0.000026 47223B.DAT
1 14 -46.575321 -62.681793 30.000511 0.000006 -0.978143 0.207934 0.000026 0.207934 0.978143 -1 0 0.000026 47224C01.DAT
1 15 70 -88 10 0.000026 -0.866017 -0.500015 0 0.500015 -0.866017 1 0.000023 0.000013 32013.DAT
1 0 69.588303 -87.000275 14.999588 0.000026 -0.866017 -0.500015 0 0.500015 -0.866017 1 0.000023 0.000013 3673.DAT
0 NOFILE
0 FILE Model #2
1 15 129.066849 -93.111572 10 0.000012 -0.848067 0.52989 0.000023 -0.52989 -0.848067 1 0.000023 0.000013 32013.DAT
1 0 128.521439 -92.888718 17.999588 0.000012 -0.848067 0.52989 0.000023 -0.52989 -0.848067 1 0.000023 0.000013 3673.DAT
1 14 -53.613449 -52.584618 30.000511 0.000006 -0.978143 0.207934 0.000026 0.207934 0.978143 -1 0 0.000026 47224C02.DAT
1 7 100 -2 15 0 -1 0.000026 0.000026 0.000026 1 -1 0 0.000026 47223C.DAT
0 NOFILE
